d
TAMPOPULACAO <- 20 NUMGERACOES <- 100000 pmutation = 0.2 Pontuação: 57
2 12 22 37 52 58 43 49 59 44 29 60 45 62 56 39 24 14 20 3 9 26 41 51 57 18 1 7 13 28 34 17 11 21 31 48 54 64 47 32 15 5 42 27 33 50 35 25 10 4 19 36 30 40 55 61 46 63 53 38 8 23 6 16
TAMPOPULACAO <- 20 NUMGERACOES <- 100000 pmutation = 0.3 Pontuação: 61
2 19 25 10 4 21 15 32 38 53 63 17 34 49 59 44 50 60 43 58 41 26 36 46 56 39 24 7 22 16 6 12 29 23 8 14 31 48 54 64 47 37 27 33 18 1 11 5 20 3 9 62 52 35 45 28 13 30 40 55 61 51 57 42
TAMPOPULACAO <- 20 NUMGERACOES <- 100000 pmutation = 0.4 Pontuação: 61
2 12 22 32 15 5 11 17 27 37 52 58 43 28 34 49 64 47 62 45 60 54 39 29 23 8 14 24 7 13 3 9 19 25 10 4 21 6 16 31 48 38 53 63 1 18 33 50 44 59 42 57 51 61 55 40 30 20 35 41 26 36 46 56
TAMPOPULACAO <- 20 NUMGERACOES <- 100000 pmutation = 0.5 Pontuação: 60
2 12 40 30 15 5 22 32 47 64 54 60 50 44 59 49 34 17 27 33 18 1 11 21 6 16 57 42 25 19 29 35 52 62 45 28 38 55 61 51 36 26 41 58 48 31 37 43 53 63 46 56 39 24 7 13 23 8 14 4 10 20 3 9
TAMPOPULACAO <- 20 NUMGERACOES <- 100000 pmutation = 0.6 Pontuação: 61
2 17 11 1 18 48 54 60 50 33 43 58 41 35 25 19 9 26 36 42 57 7 24 30 15 5 22 32 38 53 63 46 56 39 45 51 61 55 40 23 8 14 4 10 27 21 31 16 6 12 29 44 59 49 34 28 13 3 20 37 52 62 47 64
TAMPOPULACAO <- 20 NUMGERACOES <- 100000 pmutation = 0.7 Pontuação: 61
2 17 27 12 6 16 64 54 48 38 28 11 1 18 33 50 60 43 49 59 53 63 46 31 37 52 58 41 26 20 30 24 39 56 5 22 7 13 3 9 19 4 10 25 35 45 62 47 32 15 21 36 42 57 51 61 55 40 23 8 14 29 44 34
TAMPOPULACAO <- 20 NUMGERACOES <- 100000 pmutation = 0.8 Pontuação: 62
2 12 6 16 22 37 52 46 63 53 36 30 40 55 61 51 57 42 27 33 50 44 59 49 34 28 18 1 11 17 48 31 21 38 32 15 5 20 26 41 58 43 60 54 64 47 62 45 35 25 10 4 14 8 23 29 19 9 3 13 7 24 39 56
TAMPOPULACAO <- 20 NUMGERACOES <- 100000 pmutation = 0.9 Pontuação: 61
2 17 11 1 18 12 27 33 43 60 50 44 59 49 34 28 13 7 24 30 40 55 38 32 16 31 48 54 64 47 62 45 39 56 46 61 51 57 10 25 35 29 19 4 14 8 23 6 21 15 5 22 37 20 3 9 26 41 58 52 42 36 53 63
TAMPOPULACAO <- 20 NUMGERACOES <- 100000 pmutation = 1 Pontuação: 56
2 17 34 28 11 26 36 21 15 32 22 16 31 48 54 39 29 23 6 12 18 3 9 37 20 5 49 59 44 38 56 46 40 55 61 64 47 30 45 51 41 58 43 53 63 8 14 24 7 13 19 4 10 25 35 52 62 1 57 42 27 33 50 60
TAMPOPULACAO <- 20 NUMGERACOES <- 150000 pmutation = 0.2 Pontuação: 61
2 17 27 44 29 12 6 16 31 48 10 4 21 15 5 11 1 18 33 50 60 43 53 63 46 36 42 57 51 61 55 38 28 34 49 59 56 39 22 32 47 64 54 37 52 62 45 35 25 19 13 7 24 30 40 23 8 14 20 3 9 26 41 58
TAMPOPULACAO <- 20 NUMGERACOES <- 150000 pmutation = 0.3 Pontuação: 60
2 12 6 16 64 47 62 45 60 54 48 31 37 52 58 41 26 36 56 39 24 14 8 23 38 32 22 5 20 10 4 21 15 30 13 3 9 19 34 49 43 28 18 1 11 17 27 33 50 44 29 35 25 42 59 53 63 46 40 55 61 51 57 7
TAMPOPULACAO <- 20 NUMGERACOES <- 150000 pmutation = 0.4 Pontuação: 62
2 17 34 28 22 16 31 48 54 64 56 39 45 60 50 44 27 33 18 1 11 26 9 3 13 7 24 30 40 23 8 14 4 10 25 19 36 42 57 51 61 55 38 32 47 62 52 58 41 35 20 5 15 21 6 12 29 46 63 53 59 49 43 37
TAMPOPULACAO <- 20 NUMGERACOES <- 150000 pmutation = 0.5 Pontuação: 62
2 12 22 32 15 5 25 35 45 62 52 58 41 26 36 21 6 16 31 48 54 60 43 33 50 44 29 39 56 46 63 53 38 28 18 1 11 17 34 49 59 42 57 51 61 55 40 30 24 7 13 23 8 14 4 19 9 3 20 10 27 37 47 64
TAMPOPULACAO <- 20 NUMGERACOES <- 150000 pmutation = 0.6 Pontuação: 63
2 19 13 7 24 30 45 62 52 58 41 26 9 3 18 33 50 35 25 42 57 51 36 53 63 46 56 39 29 12 6 16 22 37 20 5 15 32 47 64 54 60 43 49 59 44 61 55 40 23 8 14 4 10 27 17 34 28 38 48 31 21 11 1
TAMPOPULACAO <- 20 NUMGERACOES <- 150000 pmutation = 0.7 Pontuação: 62
2 12 29 23 8 14 24 7 13 28 38 48 54 64 47 37 31 16 6 21 4 10 25 19 9 26 41 51 57 5 15 32 22 39 56 46 63 53 36 42 27 33 43 58 52 62 45 60 50 35 18 3 20 30 40 55 61 44 59 49 34 17 11 1
TAMPOPULACAO <- 20 NUMGERACOES <- 150000 pmutation = 0.8 Pontuação: 63
2 17 34 49 59 42 57 51 36 21 6 16 31 48 38 53 63 46 56 39 29 12 22 5 11 1 18 28 45 62 47 32 15 30 20 3 9 26 43 60 50 33 27 37 52 58 41 35 25 10 4 19 13 7 24 14 8 23 40 55 61 44 54 64
TAMPOPULACAO <- 20 NUMGERACOES <- 150000 pmutation = 0.9 Pontuação: 62
2 19 25 35 50 60 43 33 27 44 38 32 15 5 22 28 13 30 45 62 47 64 54 48 31 16 6 23 8 14 24 7 3 9 26 41 58 52 37 20 10 4 21 36 42 57 51 61 55 40 46 56 39 29 12 18 1 11 17 34 49 59 53 63
TAMPOPULACAO <- 20 NUMGERACOES <- 150000 pmutation = 1 Pontuação: 57
2 17 27 21 6 16 31 48 64 54 44 59 49 43 60 45 62 56 39 24 7 13 23 29 46 40 30 47 32 15 5 20 35 18 33 50 63 53 36 26 9 3 42 57 8 14 4 10 25 19 34 51 61 55 38 28 11 1 12 22 37 52 58 41  TAMPOPULACAO <-  20 NUMGERACOES <-  10  pmutation =  0.3  Pontuação: 8
2 21 27 20 37 1 61 53 57 46 60 11 43 33 10 40 52 23 64 6 54 47 12 59 3 31 29 13 26 8 51 9 5 45 49 25 48 19 17 15 62 55 38 32 36 4 58 30 22 56 7 34 44 50 14 16 18 41 63 42 35 28 24 39
